# This file may be used to create an environment using:
# $ conda create --name <env> --file <this file>
# platform: linux-64
aiohttp=3.8.1=py310he2412df_0
aiosignal=1.2.0=pyhd8ed1ab_0
async-timeout=4.0.1=pyhd8ed1ab_0
attrs=21.2.0=pyhd8ed1ab_0
brotlipy=0.7.0=py310he2412df_1003
bzip2=1.0.8=h8ffe710_4
ca-certificates=2021.10.8=h5b45459_0
cachetools=4.2.4=pyhd8ed1ab_0
certifi=2021.10.8=py310h5588dad_1
cffi=1.15.0=py310hcbf9ad4_0
charset-normalizer=2.0.9=pyhd8ed1ab_0
cryptography=36.0.0=py310ha857299_0
frozenlist=1.2.0=py310he2412df_1
google-api-core=2.2.2=pyhd8ed1ab_0
google-api-python-client=2.33.0=pyhd8ed1ab_0
google-auth=2.3.3=pyh6c4a22f_0
google-auth-httplib2=0.1.0=pyhd8ed1ab_0
googleapis-common-protos=1.53.0=py310heb1253a_1
httplib2=0.20.2=pyhd8ed1ab_1
idna=3.1=pyhd3deb0d_0
intel-openmp=2021.4.0=h57928b3_3556
libblas=3.9.0=12_win64_mkl
libcblas=3.9.0=12_win64_mkl
libffi=3.4.2=h8ffe710_5
liblapack=3.9.0=12_win64_mkl
libprotobuf=3.19.1=h7755175_0
libzlib=1.2.11=h8ffe710_1013
mkl=2021.4.0=h0e2418a_729
multidict=5.2.0=py310he2412df_1
numpy=1.21.4=py310h5ebf175_0
oauth2client=4.1.3=py_0
openssl=1.1.1l=h8ffe710_0
pandas=1.3.5=py310hf5e1058_0
pip=21.3.1=pyhd8ed1ab_0
protobuf=3.19.1=py310h8a704f9_1
pyasn1=0.4.8=py_0
pyasn1-modules=0.2.7=py_0
pycparser=2.21=pyhd8ed1ab_0
pydrive=1.3.1=py_1
pyopenssl=21.0.0=pyhd8ed1ab_0
pyparsing=3.0.6=pyhd8ed1ab_0
pysocks=1.7.1=py310h5588dad_4
python=3.10.0=h9a09f29_3_cpython
python-dateutil=2.8.2=pyhd8ed1ab_0
python_abi=3.10=2_cp310
pytz=2021.3=pyhd8ed1ab_0
pyu2f=0.1.5=pyhd8ed1ab_0
pyyaml=6.0=py310he2412df_3
requests=2.26.0=pyhd8ed1ab_1
rsa=4.8=pyhd8ed1ab_0
setuptools=59.6.0=py310h5588dad_0
six=1.16.0=pyh6c4a22f_0
sqlite=3.37.0=h8ffe710_0
tbb=2021.4.0=h2d74725_1
tk=8.6.11=h8ffe710_1
typing-extensions=4.0.1=hd8ed1ab_0
typing_extensions=4.0.1=pyha770c72_0
tzdata=2021e=he74cb21_0
ucrt=10.0.20348.0=h57928b3_0
uritemplate=4.1.1=pyhd8ed1ab_0
urllib3=1.26.7=pyhd8ed1ab_0
vc=14.2=hb210afc_5
vs2015_runtime=14.29.30037=h902a5da_5
wheel=0.37.0=pyhd8ed1ab_1
win_inet_pton=1.1.0=py310h5588dad_3
xz=5.2.5=h62dcd97_1
yaml=0.2.5=he774522_0
yarl=1.7.2=py310he2412df_1
zlib=1.2.11=h8ffe710_1013
